FFT: i real imag
    0-10.0000  0.0000
   1-10.0000  0.0000
   2-10.0000  0.0000
   3-10.0000  0.0000
   4-10.0000  0.0000
   5-10.0000  0.0000
   6-10.0000  0.0000
   7-10.0000  0.0000
   8-10.0000  0.0000
   9-10.0000  0.0000
  10-10.0000  0.0000
  11-10.0000  0.0000
  12-10.0000  0.0000
  13-10.0000  0.0000
  14-10.0000  0.0000
  15-10.0000  0.0000
  16-10.0000  0.0000
  17-10.0000  0.0000
  18-10.0000  0.0000
  19-10.0000  0.0000
  20-10.0000  0.0000
  21-10.0000  0.0000
  22-10.0000  0.0000
  23-10.0000  0.0000
  24-10.0000  0.0000
  25-10.0000  0.0000
  26-10.0000  0.0000
  27-10.0000  0.0000
  28-10.0000  0.0000
  29-10.0000  0.0000
  30-10.0000  0.0000
  31-10.0000  0.0000
  32-10.0000  0.0000
  33-10.0000  0.0000
  34-10.0000  0.0000
  35-10.0000  0.0000
  36-10.0000  0.0000
  37-10.0000  0.0000
  38-10.0000  0.0000
  39-10.0000  0.0000
  40-10.0000  0.0000
  41-10.0000  0.0000
  42-10.0000  0.0000
  43-10.0000  0.0000
  44  9.9951  0.0000
  45  9.9951  0.0000
  46  9.9951  0.0000
  47  9.9951  0.0000
  48  9.9951  0.0000
  49  9.9951  0.0000
  50  9.9951  0.0000
  51  9.9951  0.0000
  52  9.9951  0.0000
  53  9.9951  0.0000
  54  9.9951  0.0000
  55  9.9951  0.0000
  56  9.9951  0.0000
  57  9.9951  0.0000
  58  9.9951  0.0000
  59  9.9951  0.0000
  60  9.9951  0.0000
  61  9.9951  0.0000
  62  9.9951  0.0000
  63  9.9951  0.0000
  64  9.9951  0.0000
  65  9.9951  0.0000
  66  9.9951  0.0000
  67  9.9951  0.0000
  68  9.9951  0.0000
  69  9.9951  0.0000
  70  9.9951  0.0000
  71  9.9951  0.0000
  72  9.9951  0.0000
  73  9.9951  0.0000
  74  9.9951  0.0000
  75  9.9951  0.0000
  76  9.9951  0.0000
  77  9.9951  0.0000
  78  9.9951  0.0000
  79  9.9951  0.0000
  80  9.9951  0.0000
  81  9.9951  0.0000
  82  9.9951  0.0000
  83  9.9951  0.0000
  84  9.9951  0.0000
  85  9.9951  0.0000
  86  9.9951  0.0000
  87  9.9951  0.0000
  88  9.9951  0.0000
  89  9.9951  0.0000
  90  9.9951  0.0000
  91  9.9951  0.0000
  92  9.9951  0.0000
  93  9.9951  0.0000
  94-10.0000  0.0000
  95-10.0000  0.0000
  96-10.0000  0.0000
  97-10.0000  0.0000
  98-10.0000  0.0000
  99-10.0000  0.0000
 100-10.0000  0.0000
 101-10.0000  0.0000
 102-10.0000  0.0000
 103-10.0000  0.0000
 104-10.0000  0.0000
 105-10.0000  0.0000
 106-10.0000  0.0000
 107-10.0000  0.0000
 108-10.0000  0.0000
 109-10.0000  0.0000
 110-10.0000  0.0000
 111-10.0000  0.0000
 112-10.0000  0.0000
 113-10.0000  0.0000
 114-10.0000  0.0000
 115-10.0000  0.0000
 116-10.0000  0.0000
 117-10.0000  0.0000
 118-10.0000  0.0000
 119-10.0000  0.0000
 120-10.0000  0.0000
 121-10.0000  0.0000
 122-10.0000  0.0000
 123-10.0000  0.0000
 124-10.0000  0.0000
 125-10.0000  0.0000
 126-10.0000  0.0000
 127-10.0000  0.0000
 128-10.0000  0.0000
 129-10.0000  0.0000
 130-10.0000  0.0000
 131-10.0000  0.0000
 132-10.0000  0.0000
 133-10.0000  0.0000
 134-10.0000  0.0000
 135-10.0000  0.0000
 136-10.0000  0.0000
 137-10.0000  0.0000
 138-10.0000  0.0000
 139-10.0000  0.0000
 140-10.0000  0.0000
 141-10.0000  0.0000
 142-10.0000  0.0000
 143-10.0000  0.0000
 144  9.9951  0.0000
 145  9.9951  0.0000
 146  9.9951  0.0000
 147  9.9951  0.0000
 148  9.9951  0.0000
 149  9.9951  0.0000
 150  9.9951  0.0000
 151  9.9951  0.0000
 152  9.9951  0.0000
 153  9.9951  0.0000
 154  9.9951  0.0000
 155  9.9951  0.0000
 156  9.9951  0.0000
 157  9.9951  0.0000
 158  9.9951  0.0000
 159  9.9951  0.0000
 160  9.9951  0.0000
 161  9.9951  0.0000
 162  9.9951  0.0000
 163  9.9951  0.0000
 164  9.9951  0.0000
 165  9.9951  0.0000
 166  9.9951  0.0000
 167  9.9951  0.0000
 168  9.9951  0.0000
 169  9.9951  0.0000
 170  9.9951  0.0000
 171  9.9951  0.0000
 172  9.9951  0.0000
 173  9.9951  0.0000
 174  9.9951  0.0000
 175  9.9951  0.0000
 176  9.9951  0.0000
 177  9.9951  0.0000
 178  9.9951  0.0000
 179  9.9951  0.0000
 180  9.9951  0.0000
 181  9.9951  0.0000
 182  9.9951  0.0000
 183  9.9951  0.0000
 184  9.9951  0.0000
 185  9.9951  0.0000
 186  9.9951  0.0000
 187  9.9951  0.0000
 188  9.9951  0.0000
 189  9.9951  0.0000
 190  9.9951  0.0000
 191  9.9951  0.0000
 192  9.9951  0.0000
 193  9.9951  0.0000
 194-10.0000  0.0000
 195-10.0000  0.0000
 196-10.0000  0.0000
 197-10.0000  0.0000
 198-10.0000  0.0000
 199-10.0000  0.0000
 200-10.0000  0.0000
 201-10.0000  0.0000
 202-10.0000  0.0000
 203-10.0000  0.0000
 204-10.0000  0.0000
 205-10.0000  0.0000
 206-10.0000  0.0000
 207-10.0000  0.0000
 208-10.0000  0.0000
 209-10.0000  0.0000
 210-10.0000  0.0000
 211-10.0000  0.0000
 212-10.0000  0.0000
 213-10.0000  0.0000
 214-10.0000  0.0000
 215-10.0000  0.0000
 216-10.0000  0.0000
 217-10.0000  0.0000
 218-10.0000  0.0000
 219-10.0000  0.0000
 220-10.0000  0.0000
 221-10.0000  0.0000
 222-10.0000  0.0000
 223-10.0000  0.0000
 224-10.0000  0.0000
 225-10.0000  0.0000
 226-10.0000  0.0000
 227-10.0000  0.0000
 228-10.0000  0.0000
 229-10.0000  0.0000
 230-10.0000  0.0000
 231-10.0000  0.0000
 232-10.0000  0.0000
 233-10.0000  0.0000
 234-10.0000  0.0000
 235-10.0000  0.0000
 236-10.0000  0.0000
 237-10.0000  0.0000
 238-10.0000  0.0000
 239-10.0000  0.0000
 240-10.0000  0.0000
 241-10.0000  0.0000
 242-10.0000  0.0000
 243-10.0000  0.0000
 244  9.9951  0.0000
 245  9.9951  0.0000
 246  9.9951  0.0000
 247  9.9951  0.0000
 248  9.9951  0.0000
 249  9.9951  0.0000
 250  9.9951  0.0000
 251  9.9951  0.0000
 252  9.9951  0.0000
 253  9.9951  0.0000
 254  9.9951  0.0000
 255  9.9951  0.0000
 256  9.9951  0.0000
 257  9.9951  0.0000
 258  9.9951  0.0000
 259  9.9951  0.0000
 260  9.9951  0.0000
 261  9.9951  0.0000
 262  9.9951  0.0000
 263  9.9951  0.0000
 264  9.9951  0.0000
 265  9.9951  0.0000
 266  9.9951  0.0000
 267  9.9951  0.0000
 268  9.9951  0.0000
 269  9.9951  0.0000
 270  9.9951  0.0000
 271  9.9951  0.0000
 272  9.9951  0.0000
 273  9.9951  0.0000
 274  9.9951  0.0000
 275  9.9951  0.0000
 276  9.9951  0.0000
 277  9.9951  0.0000
 278  9.9951  0.0000
 279  9.9951  0.0000
 280  9.9951  0.0000
 281  9.9951  0.0000
 282  9.9951  0.0000
 283  9.9951  0.0000
 284  9.9951  0.0000
 285  9.9951  0.0000
 286  9.9951  0.0000
 287  9.9951  0.0000
 288  9.9951  0.0000
 289  9.9951  0.0000
 290  9.9951  0.0000
 291  9.9951  0.0000
 292  9.9951  0.0000
 293  9.9951  0.0000
 294-10.0000  0.0000
 295-10.0000  0.0000
 296-10.0000  0.0000
 297-10.0000  0.0000
 298-10.0000  0.0000
 299-10.0000  0.0000
 300-10.0000  0.0000
 301-10.0000  0.0000
 302-10.0000  0.0000
 303-10.0000  0.0000
 304-10.0000  0.0000
 305-10.0000  0.0000
 306-10.0000  0.0000
 307-10.0000  0.0000
 308-10.0000  0.0000
 309-10.0000  0.0000
 310-10.0000  0.0000
 311-10.0000  0.0000
 312-10.0000  0.0000
 313-10.0000  0.0000
 314-10.0000  0.0000
 315-10.0000  0.0000
 316-10.0000  0.0000
 317-10.0000  0.0000
 318-10.0000  0.0000
 319-10.0000  0.0000
 320-10.0000  0.0000
 321-10.0000  0.0000
 322-10.0000  0.0000
 323-10.0000  0.0000
 324-10.0000  0.0000
 325-10.0000  0.0000
 326-10.0000  0.0000
 327-10.0000  0.0000
 328-10.0000  0.0000
 329-10.0000  0.0000
 330-10.0000  0.0000
 331-10.0000  0.0000
 332-10.0000  0.0000
 333-10.0000  0.0000
 334-10.0000  0.0000
 335-10.0000  0.0000
 336-10.0000  0.0000
 337-10.0000  0.0000
 338-10.0000  0.0000
 339-10.0000  0.0000
 340-10.0000  0.0000
 341-10.0000  0.0000
 342-10.0000  0.0000
 343-10.0000  0.0000
 344  9.9951  0.0000
 345  9.9951  0.0000
 346  9.9951  0.0000
 347  9.9951  0.0000
 348  9.9951  0.0000
 349  9.9951  0.0000
 350  9.9951  0.0000
 351  9.9951  0.0000
 352  9.9951  0.0000
 353  9.9951  0.0000
 354  9.9951  0.0000
 355  9.9951  0.0000
 356  9.9951  0.0000
 357  9.9951  0.0000
 358  9.9951  0.0000
 359  9.9951  0.0000
 360  9.9951  0.0000
 361  9.9951  0.0000
 362  9.9951  0.0000
 363  9.9951  0.0000
 364  9.9951  0.0000
 365  9.9951  0.0000
 366  9.9951  0.0000
 367  9.9951  0.0000
 368  9.9951  0.0000
 369  9.9951  0.0000
 370  9.9951  0.0000
 371  9.9951  0.0000
 372  9.9951  0.0000
 373  9.9951  0.0000
 374  9.9951  0.0000
 375  9.9951  0.0000
 376  9.9951  0.0000
 377  9.9951  0.0000
 378  9.9951  0.0000
 379  9.9951  0.0000
 380  9.9951  0.0000
 381  9.9951  0.0000
 382  9.9951  0.0000
 383  9.9951  0.0000
 384  9.9951  0.0000
 385  9.9951  0.0000
 386  9.9951  0.0000
 387  9.9951  0.0000
 388  9.9951  0.0000
 389  9.9951  0.0000
 390  9.9951  0.0000
 391  9.9951  0.0000
 392  9.9951  0.0000
 393  9.9951  0.0000
 394-10.0000  0.0000
 395-10.0000  0.0000
 396-10.0000  0.0000
 397-10.0000  0.0000
 398-10.0000  0.0000
 399-10.0000  0.0000
 400-10.0000  0.0000
 401-10.0000  0.0000
 402-10.0000  0.0000
 403-10.0000  0.0000
 404-10.0000  0.0000
 405-10.0000  0.0000
 406-10.0000  0.0000
 407-10.0000  0.0000
 408-10.0000  0.0000
 409-10.0000  0.0000
 410-10.0000  0.0000
 411-10.0000  0.0000
 412-10.0000  0.0000
 413-10.0000  0.0000
 414-10.0000  0.0000
 415-10.0000  0.0000
 416-10.0000  0.0000
 417-10.0000  0.0000
 418-10.0000  0.0000
 419-10.0000  0.0000
 420-10.0000  0.0000
 421-10.0000  0.0000
 422-10.0000  0.0000
 423-10.0000  0.0000
 424-10.0000  0.0000
 425-10.0000  0.0000
 426-10.0000  0.0000
 427-10.0000  0.0000
 428-10.0000  0.0000
 429-10.0000  0.0000
 430-10.0000  0.0000
 431-10.0000  0.0000
 432-10.0000  0.0000
 433-10.0000  0.0000
 434-10.0000  0.0000
 435-10.0000  0.0000
 436-10.0000  0.0000
 437-10.0000  0.0000
 438-10.0000  0.0000
 439-10.0000  0.0000
 440-10.0000  0.0000
 441-10.0000  0.0000
 442-10.0000  0.0000
 443-10.0000  0.0000
 444  9.9951  0.0000
 445  9.9951  0.0000
 446  9.9951  0.0000
 447  9.9951  0.0000
 448  9.9951  0.0000
 449  9.9951  0.0000
 450  9.9951  0.0000
 451  9.9951  0.0000
 452  9.9951  0.0000
 453  9.9951  0.0000
 454  9.9951  0.0000
 455  9.9951  0.0000
 456  9.9951  0.0000
 457  9.9951  0.0000
 458  9.9951  0.0000
 459  9.9951  0.0000
 460  9.9951  0.0000
 461  9.9951  0.0000
 462  9.9951  0.0000
 463  9.9951  0.0000
 464  9.9951  0.0000
 465  9.9951  0.0000
 466  9.9951  0.0000
 467  9.9951  0.0000
 468  9.9951  0.0000
 469  9.9951  0.0000
 470  9.9951  0.0000
 471  9.9951  0.0000
 472  9.9951  0.0000
 473  9.9951  0.0000
 474  9.9951  0.0000
 475  9.9951  0.0000
 476  9.9951  0.0000
 477  9.9951  0.0000
 478  9.9951  0.0000
 479  9.9951  0.0000
 480  9.9951  0.0000
 481  9.9951  0.0000
 482  9.9951  0.0000
 483  9.9951  0.0000
 484  9.9951  0.0000
 485  9.9951  0.0000
 486  9.9951  0.0000
 487  9.9951  0.0000
 488  9.9951  0.0000
 489  9.9951  0.0000
 490  9.9951  0.0000
 491  9.9951  0.0000
 492  9.9951  0.0000
 493  9.9951  0.0000
 494-10.0000  0.0000
 495-10.0000  0.0000
 496-10.0000  0.0000
 497-10.0000  0.0000
 498-10.0000  0.0000
 499-10.0000  0.0000
 500-10.0000  0.0000
 501-10.0000  0.0000
 502-10.0000  0.0000
 503-10.0000  0.0000
 504-10.0000  0.0000
 505-10.0000  0.0000
 506-10.0000  0.0000
 507-10.0000  0.0000
 508-10.0000  0.0000
 509-10.0000  0.0000
 510-10.0000  0.0000
 511-10.0000  0.0000
 512-10.0000  0.0000
 513-10.0000  0.0000
 514-10.0000  0.0000
 515-10.0000  0.0000
 516-10.0000  0.0000
 517-10.0000  0.0000
 518-10.0000  0.0000
 519-10.0000  0.0000
 520-10.0000  0.0000
 521-10.0000  0.0000
 522-10.0000  0.0000
 523-10.0000  0.0000
 524-10.0000  0.0000
 525-10.0000  0.0000
 526-10.0000  0.0000
 527-10.0000  0.0000
 528-10.0000  0.0000
 529-10.0000  0.0000
 530-10.0000  0.0000
 531-10.0000  0.0000
 532-10.0000  0.0000
 533-10.0000  0.0000
 534-10.0000  0.0000
 535-10.0000  0.0000
 536-10.0000  0.0000
 537-10.0000  0.0000
 538-10.0000  0.0000
 539-10.0000  0.0000
 540-10.0000  0.0000
 541-10.0000  0.0000
 542-10.0000  0.0000
 543-10.0000  0.0000
 544  9.9951  0.0000
 545  9.9951  0.0000
 546  9.9951  0.0000
 547  9.9951  0.0000
 548  9.9951  0.0000
 549  9.9951  0.0000
 550  9.9951  0.0000
 551  9.9951  0.0000
 552  9.9951  0.0000
 553  9.9951  0.0000
 554  9.9951  0.0000
 555  9.9951  0.0000
 556  9.9951  0.0000
 557  9.9951  0.0000
 558  9.9951  0.0000
 559  9.9951  0.0000
 560  9.9951  0.0000
 561  9.9951  0.0000
 562  9.9951  0.0000
 563  9.9951  0.0000
 564  9.9951  0.0000
 565  9.9951  0.0000
 566  9.9951  0.0000
 567  9.9951  0.0000
 568  9.9951  0.0000
 569  9.9951  0.0000
 570  9.9951  0.0000
 571  9.9951  0.0000
 572  9.9951  0.0000
 573  9.9951  0.0000
 574  9.9951  0.0000
 575  9.9951  0.0000
 576  9.9951  0.0000
 577  9.9951  0.0000
 578  9.9951  0.0000
 579  9.9951  0.0000
 580  9.9951  0.0000
 581  9.9951  0.0000
 582  9.9951  0.0000
 583  9.9951  0.0000
 584  9.9951  0.0000
 585  9.9951  0.0000
 586  9.9951  0.0000
 587  9.9951  0.0000
 588  9.9951  0.0000
 589  9.9951  0.0000
 590  9.9951  0.0000
 591  9.9951  0.0000
 592  9.9951  0.0000
 593  9.9951  0.0000
 594-10.0000  0.0000
 595-10.0000  0.0000
 596-10.0000  0.0000
 597-10.0000  0.0000
 598-10.0000  0.0000
 599-10.0000  0.0000
 600-10.0000  0.0000
 601-10.0000  0.0000
 602-10.0000  0.0000
 603-10.0000  0.0000
 604-10.0000  0.0000
 605-10.0000  0.0000
 606-10.0000  0.0000
 607-10.0000  0.0000
 608-10.0000  0.0000
 609-10.0000  0.0000
 610-10.0000  0.0000
 611-10.0000  0.0000
 612-10.0000  0.0000
 613-10.0000  0.0000
 614-10.0000  0.0000
 615-10.0000  0.0000
 616-10.0000  0.0000
 617-10.0000  0.0000
 618-10.0000  0.0000
 619-10.0000  0.0000
 620-10.0000  0.0000
 621-10.0000  0.0000
 622-10.0000  0.0000
 623-10.0000  0.0000
 624-10.0000  0.0000
 625-10.0000  0.0000
 626-10.0000  0.0000
 627-10.0000  0.0000
 628-10.0000  0.0000
 629-10.0000  0.0000
 630-10.0000  0.0000
 631-10.0000  0.0000
 632-10.0000  0.0000
 633-10.0000  0.0000
 634-10.0000  0.0000
 635-10.0000  0.0000
 636-10.0000  0.0000
 637-10.0000  0.0000
 638-10.0000  0.0000
 639-10.0000  0.0000
 640-10.0000  0.0000
 641-10.0000  0.0000
 642-10.0000  0.0000
 643-10.0000  0.0000
 644  9.9951  0.0000
 645  9.9951  0.0000
 646  9.9951  0.0000
 647  9.9951  0.0000
 648  9.9951  0.0000
 649  9.9951  0.0000
 650  9.9951  0.0000
 651  9.9951  0.0000
 652  9.9951  0.0000
 653  9.9951  0.0000
 654  9.9951  0.0000
 655  9.9951  0.0000
 656  9.9951  0.0000
 657  9.9951  0.0000
 658  9.9951  0.0000
 659  9.9951  0.0000
 660  9.9951  0.0000
 661  9.9951  0.0000
 662  9.9951  0.0000
 663  9.9951  0.0000
 664  9.9951  0.0000
 665  9.9951  0.0000
 666  9.9951  0.0000
 667  9.9951  0.0000
 668  9.9951  0.0000
 669  9.9951  0.0000
 670  9.9951  0.0000
 671  9.9951  0.0000
 672  9.9951  0.0000
 673  9.9951  0.0000
 674  9.9951  0.0000
 675  9.9951  0.0000
 676  9.9951  0.0000
 677  9.9951  0.0000
 678  9.9951  0.0000
 679  9.9951  0.0000
 680  9.9951  0.0000
 681  9.9951  0.0000
 682  9.9951  0.0000
 683  9.9951  0.0000
 684  9.9951  0.0000
 685  9.9951  0.0000
 686  9.9951  0.0000
 687  9.9951  0.0000
 688  9.9951  0.0000
 689  9.9951  0.0000
 690  9.9951  0.0000
 691  9.9951  0.0000
 692  9.9951  0.0000
 693  9.9951  0.0000
 694-10.0000  0.0000
 695-10.0000  0.0000
 696-10.0000  0.0000
 697-10.0000  0.0000
 698-10.0000  0.0000
 699-10.0000  0.0000
 700-10.0000  0.0000
 701-10.0000  0.0000
 702-10.0000  0.0000
 703-10.0000  0.0000
 704-10.0000  0.0000
 705-10.0000  0.0000
 706-10.0000  0.0000
 707-10.0000  0.0000
 708-10.0000  0.0000
 709-10.0000  0.0000
 710-10.0000  0.0000
 711-10.0000  0.0000
 712-10.0000  0.0000
 713-10.0000  0.0000
 714-10.0000  0.0000
 715-10.0000  0.0000
 716-10.0000  0.0000
 717-10.0000  0.0000
 718-10.0000  0.0000
 719-10.0000  0.0000
 720-10.0000  0.0000
 721-10.0000  0.0000
 722-10.0000  0.0000
 723-10.0000  0.0000
 724-10.0000  0.0000
 725-10.0000  0.0000
 726-10.0000  0.0000
 727-10.0000  0.0000
 728-10.0000  0.0000
 729-10.0000  0.0000
 730-10.0000  0.0000
 731-10.0000  0.0000
 732-10.0000  0.0000
 733-10.0000  0.0000
 734-10.0000  0.0000
 735-10.0000  0.0000
 736-10.0000  0.0000
 737-10.0000  0.0000
 738-10.0000  0.0000
 739-10.0000  0.0000
 740-10.0000  0.0000
 741-10.0000  0.0000
 742-10.0000  0.0000
 743-10.0000  0.0000
 744  9.9951  0.0000
 745  9.9951  0.0000
 746  9.9951  0.0000
 747  9.9951  0.0000
 748  9.9951  0.0000
 749  9.9951  0.0000
 750  9.9951  0.0000
 751  9.9951  0.0000
 752  9.9951  0.0000
 753  9.9951  0.0000
 754  9.9951  0.0000
 755  9.9951  0.0000
 756  9.9951  0.0000
 757  9.9951  0.0000
 758  9.9951  0.0000
 759  9.9951  0.0000
 760  9.9951  0.0000
 761  9.9951  0.0000
 762  9.9951  0.0000
 763  9.9951  0.0000
 764  9.9951  0.0000
 765  9.9951  0.0000
 766  9.9951  0.0000
 767  9.9951  0.0000
 768  9.9951  0.0000
 769  9.9951  0.0000
 770  9.9951  0.0000
 771  9.9951  0.0000
 772  9.9951  0.0000
 773  9.9951  0.0000
 774  9.9951  0.0000
 775  9.9951  0.0000
 776  9.9951  0.0000
 777  9.9951  0.0000
 778  9.9951  0.0000
 779  9.9951  0.0000
 780  9.9951  0.0000
 781  9.9951  0.0000
 782  9.9951  0.0000
 783  9.9951  0.0000
 784  9.9951  0.0000
 785  9.9951  0.0000
 786  9.9951  0.0000
 787  9.9951  0.0000
 788  9.9951  0.0000
 789  9.9951  0.0000
 790  9.9951  0.0000
 791  9.9951  0.0000
 792  9.9951  0.0000
 793  9.9951  0.0000
 794-10.0000  0.0000
 795-10.0000  0.0000
 796-10.0000  0.0000
 797-10.0000  0.0000
 798-10.0000  0.0000
 799-10.0000  0.0000
 800-10.0000  0.0000
 801-10.0000  0.0000
 802-10.0000  0.0000
 803-10.0000  0.0000
 804-10.0000  0.0000
 805-10.0000  0.0000
 806-10.0000  0.0000
 807-10.0000  0.0000
 808-10.0000  0.0000
 809-10.0000  0.0000
 810-10.0000  0.0000
 811-10.0000  0.0000
 812-10.0000  0.0000
 813-10.0000  0.0000
 814-10.0000  0.0000
 815-10.0000  0.0000
 816-10.0000  0.0000
 817-10.0000  0.0000
 818-10.0000  0.0000
 819-10.0000  0.0000
 820-10.0000  0.0000
 821-10.0000  0.0000
 822-10.0000  0.0000
 823-10.0000  0.0000
 824-10.0000  0.0000
 825-10.0000  0.0000
 826-10.0000  0.0000
 827-10.0000  0.0000
 828-10.0000  0.0000
 829-10.0000  0.0000
 830-10.0000  0.0000
 831-10.0000  0.0000
 832-10.0000  0.0000
 833-10.0000  0.0000
 834-10.0000  0.0000
 835-10.0000  0.0000
 836-10.0000  0.0000
 837-10.0000  0.0000
 838-10.0000  0.0000
 839-10.0000  0.0000
 840-10.0000  0.0000
 841-10.0000  0.0000
 842-10.0000  0.0000
 843-10.0000  0.0000
 844  9.9951  0.0000
 845  9.9951  0.0000
 846  9.9951  0.0000
 847  9.9951  0.0000
 848  9.9951  0.0000
 849  9.9951  0.0000
 850  9.9951  0.0000
 851  9.9951  0.0000
 852  9.9951  0.0000
 853  9.9951  0.0000
 854  9.9951  0.0000
 855  9.9951  0.0000
 856  9.9951  0.0000
 857  9.9951  0.0000
 858  9.9951  0.0000
 859  9.9951  0.0000
 860  9.9951  0.0000
 861  9.9951  0.0000
 862  9.9951  0.0000
 863  9.9951  0.0000
 864  9.9951  0.0000
 865  9.9951  0.0000
 866  9.9951  0.0000
 867  9.9951  0.0000
 868  9.9951  0.0000
 869  9.9951  0.0000
 870  9.9951  0.0000
 871  9.9951  0.0000
 872  9.9951  0.0000
 873  9.9951  0.0000
 874  9.9951  0.0000
 875  9.9951  0.0000
 876  9.9951  0.0000
 877  9.9951  0.0000
 878  9.9951  0.0000
 879  9.9951  0.0000
 880  9.9951  0.0000
 881  9.9951  0.0000
 882  9.9951  0.0000
 883  9.9951  0.0000
 884  9.9951  0.0000
 885  9.9951  0.0000
 886  9.9951  0.0000
 887  9.9951  0.0000
 888  9.9951  0.0000
 889  9.9951  0.0000
 890  9.9951  0.0000
 891  9.9951  0.0000
 892  9.9951  0.0000
 893  9.9951  0.0000
 894-10.0000  0.0000
 895-10.0000  0.0000
 896-10.0000  0.0000
 897-10.0000  0.0000
 898-10.0000  0.0000
 899-10.0000  0.0000
 900-10.0000  0.0000
 901-10.0000  0.0000
 902-10.0000  0.0000
 903-10.0000  0.0000
 904-10.0000  0.0000
 905-10.0000  0.0000
 906-10.0000  0.0000
 907-10.0000  0.0000
 908-10.0000  0.0000
 909-10.0000  0.0000
 910-10.0000  0.0000
 911-10.0000  0.0000
 912-10.0000  0.0000
 913-10.0000  0.0000
 914-10.0000  0.0000
 915-10.0000  0.0000
 916-10.0000  0.0000
 917-10.0000  0.0000
 918-10.0000  0.0000
 919-10.0000  0.0000
 920-10.0000  0.0000
 921-10.0000  0.0000
 922-10.0000  0.0000
 923-10.0000  0.0000
 924-10.0000  0.0000
 925-10.0000  0.0000
 926-10.0000  0.0000
 927-10.0000  0.0000
 928-10.0000  0.0000
 929-10.0000  0.0000
 930-10.0000  0.0000
 931-10.0000  0.0000
 932-10.0000  0.0000
 933-10.0000  0.0000
 934-10.0000  0.0000
 935-10.0000  0.0000
 936-10.0000  0.0000
 937-10.0000  0.0000
 938-10.0000  0.0000
 939-10.0000  0.0000
 940-10.0000  0.0000
 941-10.0000  0.0000
 942-10.0000  0.0000
 943-10.0000  0.0000
 944  9.9951  0.0000
 945  9.9951  0.0000
 946  9.9951  0.0000
 947  9.9951  0.0000
 948  9.9951  0.0000
 949  9.9951  0.0000
 950  9.9951  0.0000
 951  9.9951  0.0000
 952  9.9951  0.0000
 953  9.9951  0.0000
 954  9.9951  0.0000
 955  9.9951  0.0000
 956  9.9951  0.0000
 957  9.9951  0.0000
 958  9.9951  0.0000
 959  9.9951  0.0000
 960  9.9951  0.0000
 961  9.9951  0.0000
 962  9.9951  0.0000
 963  9.9951  0.0000
 964  9.9951  0.0000
 965  9.9951  0.0000
 966  9.9951  0.0000
 967  9.9951  0.0000
 968  9.9951  0.0000
 969  9.9951  0.0000
 970  9.9951  0.0000
 971  9.9951  0.0000
 972  9.9951  0.0000
 973  9.9951  0.0000
 974  9.9951  0.0000
 975  9.9951  0.0000
 976  9.9951  0.0000
 977  9.9951  0.0000
 978  9.9951  0.0000
 979  9.9951  0.0000
 980  9.9951  0.0000
 981  9.9951  0.0000
 982  9.9951  0.0000
 983  9.9951  0.0000
 984  9.9951  0.0000
 985  9.9951  0.0000
 986  9.9951  0.0000
 987  9.9951  0.0000
 988  9.9951  0.0000
 989  9.9951  0.0000
 990  9.9951  0.0000
 991  9.9951  0.0000
 992  9.9951  0.0000
 993  9.9951  0.0000
 994-10.0000  0.0000
 995-10.0000  0.0000
 996-10.0000  0.0000
 997-10.0000  0.0000
 998-10.0000  0.0000
 999-10.0000  0.0000
1000-10.0000  0.0000
1001-10.0000  0.0000
1002-10.0000  0.0000
1003-10.0000  0.0000
1004-10.0000  0.0000
1005-10.0000  0.0000
1006-10.0000  0.0000
1007-10.0000  0.0000
1008-10.0000  0.0000
1009-10.0000  0.0000
1010-10.0000  0.0000
1011-10.0000  0.0000
1012-10.0000  0.0000
1013-10.0000  0.0000
1014-10.0000  0.0000
1015-10.0000  0.0000
1016-10.0000  0.0000
1017-10.0000  0.0000
1018-10.0000  0.0000
1019-10.0000  0.0000
1020-10.0000  0.0000
1021-10.0000  0.0000
1022-10.0000  0.0000
1023-10.0000  0.0000
================================= 